0000010010011000
0000000000000000
0000101101100101
0000110110111001
0000101100000000
0000101101010000
0000100110111101
0000010110111000
0000000000000000
0000000000000000
0000000000000000
0000000000000000
0001101011111111
0000000000000000
0000101011111010
0000000010110010
0000000000000000
0000000000000000
0000000000000000
0000000000000000
0000000000000000
0000101001100001
0000110101111011
0000001001000001
0000001001010000
0000000000000000
0000001010001000
0000000000000000
0000000000000000
0000000000000000
0000000000000000
0001110000110101