0000000010000111
0000000111001000
0000011100011101
0000101010100000
0000100001010101
0000000000000000
0000001010010101
0000000000000000
0000000000000000
0000000000000000
0001011110000011
0001001101001110
0000001110110111
0000000000000000
0000101110111111
0000000000000000
0000000000000000
0000000000000000
0000000000000000
0000000000000000
0000000000000000
0000000000000000
0001010001000000
0000000000000000
0000111111110001
0000000000000000
0000000000000000
0000000000000000
0000000000000000
0000001001000011
0000000000000000
0001011010000100