0000110100111101
0000000000000000
0000111010000111
0000101010001000
0000011110111110
0001100110001100
0000101011101001
0000001110100011
0000000000000000
0000000011100110
0010100010000011
0001101010010000
0000000000000000
0000000000000000
0000100010010101
0000000000000000
0000000000000000
0000000000000000
0000000000000000
0000000000000000
0000000000000000
0001001000000011
0000000100000000
0000000000000000
0000111010001001
0000000000000000
0000001110010111
0000000000000000
0000000000000000
0000001111110010
0000000000000000
0000000000000000
