0001010011001101
0000000000000000
0001111100111001
0000110000110000
0000100001000010
0000001000011100
0000000000000000
0000001011100111
0000000000000000
0000000000000000
0000100001100011
0000000000000000
0000000000000000
0000000000000000
0001001000110000
0000000000000000
0000101000001001
0000000000000000
0000000000000000
0000001011100111
0000000000000000
0000110101001110
0000100000010111
0000011010101011
0001011001101111
0000000000000000
0000000000000000
0000000000000000
0000000000000000
0000000000000000
0000000000000000
0000011001001101