0000011001100101
0000000000000000
0001000010110001
0000000000000000
0000001110000000
0000000011100100
0000000000000000
0000101101000110
0000000000000000
0000000011110111
0000000000000000
0000000000000000
0000000010110011
0000000011010001
0000000000000000
0000000000000000
0000101100101101
0000110010110110
0000000000000000
0000010101111001
0000000000000000
0000000000000000
0000000000000000
0000110001000100
0000001100011111
0000000011111100
0000000000000000
0000000000000000
0000000000000000
0000000000000000
0000010000111011
0000011100010111