0011001110001011
0000000000000000
0010001000001111
0000000000000000
0000101100011100
0001000000110000
0001101001100100
0000101100001110
0000000000000000
0000000000000000
0000110110100101
0000000000000000
0000000000000000
0000000000000000
0000000000000000
0000000000000000
0000000000000000
0000000000000000
0000000000000000
0000000000000000
0000000000000000
0000000000000000
0000000000000000
0000001101000110
0000100001010101
0000000000000000
0000000000000000
0000011101110001
0000000000000000
0001011000101011
0000000000000000
0000101111100110