0000000000000000
0000000000000000
0000111011100000
0000000000000000
0001001011101000
0000110010111010
0000100001110001
0000000000000000
0000000000000000
0000000000000000
0001001111010011
0001000010001111
0000000000000000
0000000000000000
0000000000000000
0000000000000000
0000010100101010
0000000000000000
0000000100010101
0000000000000000
0000000000000000
0000000000000000
0000000000000000
0000000000000000
0001011100111101
0000000000000000
0000000000000000
0000000000000000
0000000000000000
0000010100100100
0000000000000000
0000011010100100