1111111101011101
0000100100100000
1111011100100000
0000000100101110
1111111001001000
0000000110110001
1111110000011101
0000000000011001
1111011111100110
0000001001010000
1111111010001101
0000001111011011
0000000110000000
0000001001100111
0000010001011010
1100111010011000
0000001110011010
0000010000101101
0000001011111000
0000000001000110
0000110110010100
1111111110001011
0000001101011110
0000000000110001
0000000000101011
0000110100011110
0000001001111001
0000000110101000
0000101101001010
1111111010010000
1111101111111110
1111110100001001
