0000001000000100
0001011001010000
1111100101101100
0000000011011010
1111111010110110
0000000110001111
0000000011000101
1111110111011111
0000010010010011
0000001001000000
1111111011110001
0000000101100101
1111111111100011
0000010000010010
1111111100001010
0000101101010010
0000001000000000
1111110010111000
1111110010111010
0000000011010000
1110100111011000
0000000100110100
1111111101000111
0000000101110110
1111111100101001
1011101100100000
0000000001010101
0000000010000001
0001101101100000
0000001011011011
0000001101110001
0000000111111010
