0000000110100010
0001100101101100
1111111011000000
0000001000101101
1111010100111100
0000000100001000
0000001000001010
1111111010111000
0000011101001100
1111110001110101
0000001101011111
0000010100000011
0000000111101001
1100110001100000
1111110011110000
1011111100100000
1111111000101100
0000000101011010
1111101111000010
1111111011101001
0001110110100000
0000000101101001
1111101000011011
1111111001100100
1111111111111001
1011001101000000
1111101011010100
1111111010010110
0100100011000000
0000000000011110
1111110010110010
1111111010010001
