0000001001001101
1110001111001000
0000000010110001
0000000111000110
1111111100001001
0000000001110111
1111110110101010
0000000011100010
0000010100010000
1111110001010110
0000000000011000
1111110111111111
0000000101001100
0001011010000100
1111110101011110
1100111101010000
0000001001011101
0000001011110011
0000001100101000
1101111101001000
0000100101111000
1111110111011101
0000000110100101
0000000001000101
0000000000000111
1101111100010000
1111111101011000
0000001100010101
0101111011100000
0000001110010111
1111110100010011
1111110110011111
