1111111111101101
0001101011111000
0000000010111010
1111111011011101
0000000101011110
0000000001001110
1111111101010111
1111111100110100
1110111101001100
0000000101000110
1111110100111001
1111111110100000
1111101011110101
1111111110010010
0000001001011110
1111110011100001
1111110110000010
0000000011110101
1101111101010000
1111111011110100
0000111011100110
0000000001010100
1111111101100011
1111111000001111
0000000100010111
1110110110101000
1110010110100000
1111101110011100
0001000000101000
1111111000111100
1111111010111011
0000000100011101
