0000000011011010
0000110000011000
1111101001001000
1111110011110011
0000011111110010
1111111001011010
0000000010101010
1111111101011001
0000000110011111
0000000000101010
0000001000110110
0000000010011101
1111111010100010
0000000001100101
1111110110001100
1110111010111000
1111110111100100
1111111110000111
1111111010101110
1111111001111011
1101010100011000
1111111111110000
1111111010001100
0000001100010000
0000000001111011
0000010000110101
0000000110010001
1111110111011101
1100000001100000
1111111001111111
1111110100000111
1111111111100000
