0000000101011011
1111000110001100
1111110100010010
1111111110001110
1111110110001000
0000000001111100
1111111111011101
0000010011010101
1110111110000000
0000001010110010
0000000010101110
1111111000000011
1111111110001000
1111110111110010
0000000011010000
0000000111111010
1111111100110111
1111111000001000
0000001101111110
1111111010010011
0000000101101101
1111101010101000
0000000101011101
1111100011001000
0000000011011111
0000001011010100
1111111110011110
0000010001111100
1101110111100000
1111101010100011
0000001100001000
0000000001010010
