1111111011101100
1111010101100100
1111110111010111
0000001011110000
1111111111010011
1111111000100111
0000000000010001
1111111000000101
1011100101100000
1111110111111010
0000001000011111
0000000110010111
0000001011011110
1111110000000101
0000010011011110
0000000001000010
1111101111111001
1111111000101100
1110001011000000
0000010111000101
0001011010011000
1111101101000010
1111111111010001
1111111100101011
1111101110111110
1111010010010010
0000001010110010
1111111111100110
0011001010001000
0000000000000010
0000001101101000
1111111101100010
