0000000100110000
1111000111010100
1111111000100101
1111100101010011
0000000011111001
0000000110101100
0000000110101110
0000000010010110
1101111101000000
0000001010000101
1111110111100000
1111111100010000
0000000101000100
0000000011100110
1111101011010011
1111111110001000
0000010111000100
1111111111110010
0000001000101001
1111111100011001
0010100000000000
1111111111010001
0000000110011110
0000000001111110
1111010000100100
0000110000010100
0000000111101110
1111111111000010
1111111010000000
0000000100101010
0000000000010101
0000000000111001
