1111101011000001
0001001110110100
1111101001001111
0000000011100100
0000000011100011
1111110001010100
1111101111001011
0000000011011101
1110011010011000
0000001101000011
0000000101100010
0000001010110110
0000001000101110
1111101010011101
1111110111011000
0000011000111011
1111111010011011
1111111100101000
1111110111010111
0000001001111110
0000111001011100
0000001001111100
0000001000011001
0000000010101011
0000000101000110
1101001101001000
1111100010000000
1111110110011100
1101010011100000
1111111010110110
0000000100110110
0000000101111101
